1 0.86015625 0.5046875 0.23125 0.2015625
6 0.509880625 0.4605617984375 0.496618125 0.52781158125 0.5216700000000001 0.55226620625 0.5275643750000001 0.625630078125 0.767768125 0.9190847015625 0.770715625 0.9150095078125 0.8502924999999999 0.912971478125 0.53345875 0.5380008640625 0.531985625 0.4605617984375 0.509880625 0.4605617984375
7 0.649876875 0.90889541875 0.48777625 0.5787588593749999 0.46419750000000004 0.5787588593749999 0.46861875 0.641932584375 0.599773125 0.9068573890625 0.649876875 0.90889541875
7 0.46272437499999997 0.5685687125000001 0.495144375 0.5889481421875 0.475986875 0.4809403625 0.46272437499999997 0.5053949875 0.46272437499999997 0.5685687125000001
6 0.492196875 0.9251987906249999 0.4155675 0.5502281765625 0.391989375 0.544114953125 0.41114625 0.8640622296875 0.46861875 0.92112273125 0.492196875 0.9251987906249999
6 0.24315125 0.912971478125 0.303570625 0.912971478125 0.36251625 0.54003889375 0.34630625 0.52169749375 0.30799125 0.5930233359375 0.287360625 0.6561979250000001 0.24315125 0.912971478125
7 0.1901 0.63989541875 0.081050625 0.886478825 0.11052312500000001 0.9190847015625 0.21515187500000002 0.6725012968749999 0.1901 0.63989541875
6 0 0.8171910109375 0.14147 0.648046671875 0.1385225 0.641932584375 0.185679375 0.6052506484375 0.1709425 0.5767208296875 0.014736250000000001 0.7173344859374999 0 0.8171910109375
7 0.322728125 0.531887640625 0.30209687500000004 0.52169749375 0.29178125 0.52781158125 0.24315125 0.5706067421875 0.300623125 0.582834053125 0.322728125 0.531887640625
0 0.12734375 0.45859375 0.1015625 0.15859375
0 0.0375 0.49921875 0.071875 0.0609375