0 0.05390625 0.396875 0.1078125 0.26875
0 0.275 0.39140625 0.33359375 0.2515625
0 0.6 0.4578125 0.14140625 0.19921875
0 0.740625 0.421875 0.12265625 0.18515625
4 0.23984375 0.79453125 0.09140625 0.17890625
4 0.42890625 0.6640625 0.05390625 0.1328125
4 0.56796875 0.703125 0.06875 0.1359375
0 0.77578125 0.6515625 0.06875 0.11875
4 0.87734375 0.60546875 0.05390625 0.12421875
4 0.9625 0.534375 0.04140625 0.08125
4 0.76015625 0.66171875 0.0125 0.00546875
3 0.73515625 0.1953125 0.12890625 0.1359375
3 0.23125 0.1734375 0.1875 0.14453125