2 0.30546875 0.5328125 0.19140625 0.2609375
2 0.54609375 0.5171875 0.20078125 0.309375
6 0.108271565625 0.99760191875 0.3070638984375 0.8952829734375 0.05147284375 0.993870503125 0.108271565625 0.99760191875
7 0.33723801875000003 0.8739664265625 0.22541693281250003 0.99760191875 0.30173961718750003 0.99760191875 0.30883865781250003 0.99760191875 0.3656373796875 0.8899544359375 0.33723801875000003 0.8739664265625
7 0.49561526093749997 0.991637009375 0.38734345000000003 0.8679160671874999 0.37997284374999996 0.8679160671874999 0.377515975 0.8986474812499999 0.44876038281249997 0.9797841734375 0.4659584671875 0.99760191875 0.49561526093749997 0.991637009375
7 0.44384664531249995 0.9195467624999999 0.6682268375 0.99760191875 0.7222747609375 0.9896187046874999 0.5707779546875 0.9478225421875001 0.43024773125 0.8926849046875001 0.44384664531249995 0.9195467624999999
3 0.353125 0.77265625 0.0359375 0.040625
3 0.396875 0.77421875 0.03515625 0.046875
4 0.3609375 0.8 0.0203125 0.01484375
4 0.38984375 0.8125 0.0109375 0.02421875
6 0.602474440625 0.942292565625 0.6706613421875 0.9591199046875 0.8967060703125 0.99760191875 0.9359361015625 0.996980815625 0.93687060625 0.9927721828125 0.6108801921875 0.9282709828125 0.602474440625 0.942292565625