2 0.575 0.4375 0.10234375 0.19921875
2 0.4453125 0.43046875 0.08125 0.06640625
2 0.36875 0.440625 0.059375 0.08359375
6 0.8147763578125 0.8413836937499999 0.6477731624999999 0.71793045625 0.63638658125 0.740721821875 0.9096645375 0.99760191875 0.9665974437499999 0.9895299765625 0.9286421718750001 0.9686378890625 0.9628019171875 0.985731415625 0.8147763578125 0.8413836937499999
7 0.5756565499999999 0.795800959375 0.640182109375 0.9781342921875 0.6705463265625 0.9610407671875001 0.5351709265625 0.670448440625 0.516193290625 0.691340528125 0.5756565499999999 0.795800959375
7 0.7717603828125 0.9952278171875 0.81224600625 0.9800335734375001 0.6022268375000001 0.691340528125 0.583247603125 0.69703836875 0.7717603828125 0.9952278171875
7 0.494685303125 0.9895299765625 0.54276198125 0.9952278171875 0.48962459999999997 0.7141318937500001 0.46179073437499996 0.7027362109374999 0.494685303125 0.9895299765625
7 0.3605766765625 0.99760191875 0.406123003125 0.99760191875 0.42130511249999997 0.6324628296875 0.3934712453125 0.6229664265625 0.3605766765625 0.99760191875
7 0.21634664531249997 0.99760191875 0.2656884984375 0.9971270984375 0.3757587859375 0.5887793765625 0.35425079843749996 0.583081534375 0.21634664531249997 0.99760191875
6 0.2998482421875 0.6096714624999999 0.0733801921875 0.9933285375 0.1012140578125 0.99760191875 0.1024792328125 0.9952278171875 0.3200910546875 0.6286642687499999 0.2998482421875 0.6096714624999999
7 0.0037955265624999997 0.7825059953125 0 0.7825059953125 0.027833865625 0.8204916062500001 0.1556166140625 0.681844125 0.1353738015625 0.6609520390625 0.0037955265624999997 0.7825059953125
7 0.08856230000000001 0.6495563546875001 0.0037955265624999997 0.7217290171874999 0.105009584375 0.6647506 0.08856230000000001 0.6495563546875001