4 0.1 0.4765625 0.0484375 0.05
4 0.1890625 0.525 0.0234375 0.03359375
4 0.675 0.5515625 0.071875 0.06953125
4 0.76875 0.54375 0.075 0.05703125
4 0.94296875 0.56875 0.0359375 0.05078125
7 0.8020522874999999 0.9975490203125 0.8379493468750001 0.9861544125 0.4676928109375 0.7184632359374999 0.4502565359375 0.741539215625 0.8020522874999999 0.9975490203125
6 0.5682058828125001 0.7507696078125 0.5538464046875 0.7630784312500001 0.920001634375 0.9975490203125 0.9323088234375 0.987693628125 0.5682058828125001 0.7507696078125
6 0.4943594765625 0.84307843125 0.358975490625 0.7107696078125 0.478975490625 0.8553848046875 0.4943594765625 0.84307843125
7 0.2553856203125 0.6569240203125 0.2482058828125 0.6799999999999999 0.32 0.9661544125000001 0.36102614375000003 0.961539215625 0.356923203125 0.9569240203125 0.26769281093749997 0.6569240203125 0.2553856203125 0.6569240203125
7 0.2892320265625 0.6723088234375 0.342565359375 0.7923088234375 0.37025653593749996 0.784617646875 0.377436275 0.7923088234375 0.3066666671875 0.66307843125 0.2892320265625 0.6723088234375
6 0.2061535953125 0.727693628125 0.2071797390625 0.9969240203125 0.2328202609375 0.9953872546874999 0.2266666671875 0.70923284375 0.2092303921875 0.7153848046875 0.2061535953125 0.727693628125
4 0.70546875 0.4375 0.06328125 0.06015625