2 0.48828125 0.159375 0.16328125 0.04921875
2 0.4875 0.259375 0.40859375 0.134375
2 0.48671875 0.4609375 0.403125 0.09296875
3 0.5671875 0.775 0.06015625 0.06328125
4 0.1390625 0.75859375 0.0453125 0.11796875
4 0.74609375 0.809375 0.021875 0.06015625
6 0.014524509375 0.9602197531250001 0.018155228125 0.9739358031249999 0.0689901953125 0.9975308640625 0.3304281046875 0.9080938265625 0.303196078125 0.8751703703124999 0.014524509375 0.9602197531250001
7 0.3231666671875 0.99039753125 0.39578758125 0.9975308640625 0.43754575156250003 0.9053506171875 0.4139428109375 0.8916320984375 0.3231666671875 0.99039753125
7 0.5464771234375 0.8861456796875 0.58097385625 0.9821679015625 0.662673203125 0.9876543203124999 0.5446617640625 0.86419753125 0.5464771234375 0.8861456796875
7 0.873274509375 0.9975308640625 0.9277418296875 0.99039753125 0.7080604578125 0.8916320984375 0.6935359484375 0.91632345625 0.873274509375 0.9975308640625
6 0.773419934375 0.9053506171875 0.9132173203124999 0.9492444437499999 0.9295571890625001 0.9080938265625 0.9222941171875 0.91632345625 0.795207515625 0.87791605 0.773419934375 0.9053506171875
0 0.3296875 0.7734375 0.06328125 0.0765625
2 0.4859375 0.371875 0.4046875 0.06875
2 0.84140625 0.41171875 0.2890625 0.17578125