4 0.66328125 0.5828125 0.146875 0.15
4 0.578125 0.4765625 0.08515625 0.0625
4 0.55859375 0.5625 0.06015625 0.0546875
4 0.43828125 0.59375 0.0453125 0.07890625
3 0.35078125 0.38046875 0.021875 0.040625
3 0.37578125 0.38046875 0.021875 0.04609375
7 0.001815359375 0.9282014734375 0.0617287578125 0.9855307124999999 0.3431372546875 0.69887960625 0.303196078125 0.6852309578125 0.001815359375 0.9282014734375
6 0.0072614375 0.753481571875 0.0217859484375 0.7917002453124999 0.23420424843749998 0.7125307125 0.2124183 0.67704176875 0.0072614375 0.753481571875
6 0.44117647031249996 0.7043415234375 0.40123529375 0.7152604421875 0.666303921875 0.9975429968749999 0.7643431374999999 0.9909901718749999 0.44117647031249996 0.7043415234375
4 0.13828125 0.54453125 0.0359375 0.05703125
4 0.0515625 0.515625 0.05625 0.06015625
4 0.275 0.33203125 0.03125 0.0515625