2 0.35546875 0.30625 0.29765625 0.2421875
3 0.3515625 0.1171875 0.1140625 0.14140625
3 0.54765625 0.08046875 0.08515625 0.1390625
3 0.65703125 0.115625 0.12734375 0.084375
2 0.671875 0.30625 0.315625 0.296875
0 0.0359375 0.36640625 0.071875 0.1984375
7 0.470225490625 0.5991274515625 0.46841013125000003 0.593681371875 0.42483660156249997 0.6018529406249999 0.5464771234375 0.9204803921875 0.5791568625 0.8551200984375 0.470225490625 0.5991274515625
7 0.38126307187499997 0.6154681375 0.3846590140625 0.5950993578125 0.3558464046875 0.5800661765624999 0.372186275 0.7434632359375 0.40849673124999997 0.7434632359375 0.387508403125 0.610264215625 0.38126307187499997 0.6154681375
6 0.5555555562500001 0.5991274515625 0.5156143796875 0.6127450984375 0.59549673125 0.7407401953125 0.6299934640625 0.727125 0.5539940859375 0.6049840140625 0.5555555562500001 0.5991274515625
6 0.11074836562499998 0.7706960781250001 0.1670294125 0.6590416671875 0.1379803921875 0.6318088234375 0.1470588234375 0.6508725484375 0.0925931375 0.732571078125 0.11074836562499998 0.7706960781250001
7 0.12164052343750001 0.5991274515625 0.1289035953125 0.593681371875 0.107117646875 0.5718946078125 0.0308643796875 0.6699338234375001 0.0508349671875 0.7107843140625 0.12164052343750001 0.5991274515625
4 0.8169934640625 0.6127450984375 0.8188088234374999 0.503813725 0.7298480390625001 0.5010882359375 0.7352941171875 0.5147058828125 0.7316633984375 0.6072990203125 0.8169934640625 0.6127450984375
4 0.36015625 0.5109375 0.07421875 0.0625
4 0.28046875 0.5109375 0.04921875 0.04609375