0 0.29140625 0.55546875 0.22734375 0.14140625
1 0.76875 0.45546875 0.38671875 0.21875
4 0.865625 0.6421875 0.16484375 0.12265625
4 0.0484375 0.7171875 0.096875 0.115625
4 0.1328125 0.6515625 0.04609375 0.11484375
4 0.2234375 0.71171875 0.025 0.05859375
4 0.36796875 0.74609375 0.08359375 0.10625
4 0.64375 0.68984375 0.0234375 0.0640625
7 0.43485942499999997 0.8846259 0.548455271875 0.99760191875 0.5999297125 0.9858776984375 0.4845575078125 0.865973621875 0.45615974374999996 0.807354915625 0.43485942499999997 0.8846259
6 0.29996485625 0.8633093531249999 0.23074121406249998 0.9965371703124999 0.2822156546875 0.991206234375 0.40646006406249996 0.83133573125 0.3709616609375 0.823340528125 0.29996485625 0.8633093531249999
6 0.9087683703125 0.9885419671875001 0.594603834375 0.8419928062500001 0.56798083125 0.844657075 0.5608801921875 0.8846259 0.84487060625 0.99760191875 0.9087683703125 0.9885419671875001