2 0.50546875 0.50859375 0.2125 0.23046875
2 0.79296875 0.50546875 0.196875 0.2328125
4 0.4265625 0.75859375 0.02890625 0.05859375
4 0.14921875 0.7796875 0.03046875 0.10703125
4 0.71484375 0.77109375 0.03984375 0.04375
4 0.3265625 0.77734375 0.0171875 0.03046875
6 0.4472843453125 0.7979539640625 0.1214057515625 0.98465473125 0.1789137375 0.9974424546874999 0.1853035140625 0.9948849109375001 0.4808306703125 0.818414321875 0.4472843453125 0.7979539640625
7 0.5239616609375 0.8107416875 0.5015974437499999 0.803069053125 0.4792332265625 0.8567774937499999 0.5399361015624999 0.9897698203124999 0.602236421875 0.974424553125 0.5974440890625 0.9718670078124999 0.52875399375 0.8746803062499999 0.5239616609375 0.8107416875
6 0.5798722046875 0.7928388749999999 0.5830670921875 0.8516624046875 0.635782746875 0.8925831203125 0.6517571890625 0.8593350390625 0.6453674125 0.8670076718749999 0.5910543125000001 0.79539641875 0.5798722046875 0.7928388749999999
6 0.9952076671875 0.8925831203125 0.956869009375 0.8593350390625 0.9121405749999999 0.8465473140625001 0.85623003125 0.8542199484375 0.9776357828125001 0.9207161125000001 0.9952076671875 0.8925831203125
4 0.91328125 0.77109375 0.02109375 0.03828125
4 0.82265625 0.74453125 0.01953125 0.0359375
4 0.303125 0.7671875 0.02265625 0.040625